0段目:
1 1 1 1 1 0 0 0 0 

0段目:
1 1 1 1 1 0 0 0 0 
1段目:
1 1 1 1 1 0 0 0 0 

0段目:
1 1 1 1 1 0 0 0 0 
1段目:
1 1 1 1 1 0 0 0 0 
2段目:
1 1 1 0 1 1 0 0 0 

0段目:
1 1 1 1 1 0 0 0 0 
1段目:
1 1 1 1 1 0 0 0 0 
2段目:
1 1 1 0 1 1 0 0 0 
3段目:
1 1 1 0 1 1 0 0 0 

0段目:
1 1 1 1 1 0 0 0 0 
1段目:
1 1 1 1 1 0 0 0 0 
2段目:
1 1 1 0 1 1 0 0 0 
3段目:
1 1 1 0 1 1 0 0 0 
4段目:
1 1 1 0 1 1 0 0 0 

0段目:
1 1 1 1 1 0 0 0 0 
1段目:
1 1 1 1 1 0 0 0 0 
2段目:
1 1 1 0 1 1 0 0 0 
3段目:
1 1 1 0 1 1 0 0 0 
4段目:
1 1 1 0 1 1 0 0 0 
5段目:
1 1 1 0 1 0 0 0 0 

0段目:
1 1 1 1 1 0 0 0 0 
1段目:
1 1 1 1 1 0 0 0 0 
2段目:
1 1 1 0 1 1 0 0 0 
3段目:
1 1 1 0 1 1 0 0 0 
4段目:
1 1 1 0 1 1 0 0 0 
5段目:
1 1 1 0 1 0 0 0 0 
6段目:
1 1 1 1 1 0 0 0 0 

0段目:
1 1 1 1 1 0 0 0 0 
1段目:
1 1 1 1 1 0 0 0 0 
2段目:
1 1 1 0 1 1 0 0 0 
3段目:
1 1 1 0 1 1 0 0 0 
4段目:
1 1 1 0 1 1 0 0 0 
5段目:
1 1 1 0 1 0 0 0 0 
6段目:
1 1 1 1 1 0 0 0 0 
7段目:
0 1 1 1 0 0 0 0 0 

0段目:
1 1 1 1 1 0 0 0 0 
1段目:
1 1 1 1 1 0 0 0 0 
2段目:
1 1 1 0 1 1 0 0 0 
3段目:
1 1 1 0 1 1 0 0 0 
4段目:
1 1 1 0 1 1 0 0 0 
5段目:
1 1 1 0 1 0 0 0 0 
6段目:
1 1 1 1 1 0 0 0 0 
7段目:
0 1 1 1 0 0 0 0 0 
8段目:
0 0 0 1 1 1 0 0 0 

0段目:
1 1 1 1 1 0 0 0 0 
1段目:
1 1 1 1 1 0 0 0 0 
2段目:
1 1 1 0 1 1 0 0 0 
3段目:
1 1 1 0 1 1 0 0 0 
4段目:
1 1 1 0 1 1 0 0 0 
5段目:
1 1 1 0 1 0 0 0 0 
6段目:
1 1 1 1 1 0 0 0 0 
7段目:
0 1 1 1 0 0 0 0 0 
8段目:
0 0 0 1 1 1 0 0 0 
9段目:
0 0 0 0 1 0 0 0 0 

0段目:
1 1 1 1 1 0 0 0 0 
1段目:
1 1 1 1 1 0 0 0 0 
2段目:
1 1 1 0 1 1 0 0 0 
3段目:
1 1 1 0 1 1 0 0 0 
4段目:
1 1 1 0 1 1 0 0 0 
5段目:
1 1 1 0 1 0 0 0 0 
6段目:
1 1 1 1 1 0 0 0 0 
7段目:
0 1 1 1 0 0 0 0 0 
8段目:
0 0 0 1 1 1 0 0 0 
9段目:
0 0 0 0 1 0 0 0 0 
10段目:
0 0 0 0 1 1 0 0 0 

0段目:
1 1 1 1 1 0 0 0 0 
1段目:
1 1 1 1 1 0 0 0 0 
2段目:
1 1 1 0 1 1 0 0 0 
3段目:
1 1 1 0 1 1 0 0 0 
4段目:
1 1 1 0 1 1 0 0 0 
5段目:
1 1 1 0 1 0 0 0 0 
6段目:
1 1 1 1 1 0 0 0 0 
7段目:
0 1 1 1 0 0 0 0 0 
8段目:
0 0 0 1 1 1 0 0 0 
9段目:
0 0 0 0 1 0 0 0 0 
10段目:
0 0 0 0 1 1 0 0 0 
11段目:
0 0 0 0 1 0 0 0 0 

0段目:
1 1 1 1 1 0 0 0 0 
1段目:
1 1 1 1 1 0 0 0 0 
2段目:
1 1 1 0 1 1 0 0 0 
3段目:
1 1 1 0 1 1 0 0 0 
4段目:
1 1 1 0 1 1 0 0 0 
5段目:
1 1 1 0 1 0 0 0 0 
6段目:
1 1 1 1 1 0 0 0 0 
7段目:
0 1 1 1 0 0 0 0 0 
8段目:
0 0 0 1 1 1 0 0 0 
9段目:
0 0 0 0 1 0 0 0 0 
10段目:
0 0 0 0 1 1 0 0 0 
11段目:
0 0 0 0 1 0 0 0 0 
12段目:
0 0 0 0 1 0 0 0 0 

0段目:
1 1 1 1 1 0 0 0 0 
1段目:
1 1 1 1 1 0 0 0 0 
2段目:
1 1 1 0 1 1 0 0 0 
3段目:
1 1 1 0 1 1 0 0 0 
4段目:
1 1 1 0 1 1 0 0 0 
5段目:
1 1 1 0 1 0 0 0 0 
6段目:
1 1 1 1 1 0 0 0 0 
7段目:
0 1 1 1 0 0 0 0 0 
8段目:
0 0 0 1 1 1 0 0 0 
9段目:
0 0 0 0 1 0 0 0 0 
10段目:
0 0 0 0 1 1 0 0 0 
11段目:
0 0 0 0 1 0 0 0 0 
12段目:
0 0 0 0 1 0 0 0 0 
13段目:
0 0 0 0 1 1 0 0 0 

0段目:
1 1 1 1 1 0 0 0 0 
1段目:
1 1 1 1 1 0 0 0 0 
2段目:
1 1 1 0 1 1 0 0 0 
3段目:
1 1 1 0 1 1 0 0 0 
4段目:
1 1 1 0 1 1 0 0 0 
5段目:
1 1 1 0 1 0 0 0 0 
6段目:
1 1 1 1 1 0 0 0 0 
7段目:
0 1 1 1 0 0 0 0 0 
8段目:
0 0 0 1 1 1 0 0 0 
9段目:
0 0 0 0 1 0 0 0 0 
10段目:
0 0 0 0 1 1 0 0 0 
11段目:
0 0 0 0 1 0 0 0 0 
12段目:
0 0 0 0 1 0 0 0 0 
13段目:
0 0 0 0 1 1 0 0 0 
14段目:
0 0 0 0 1 1 0 0 0 

0段目:
1 1 1 1 1 0 0 0 0 
1段目:
1 1 1 1 1 0 0 0 0 
2段目:
1 1 1 0 1 1 0 0 0 
3段目:
1 1 1 0 1 1 0 0 0 
4段目:
1 1 1 0 1 1 0 0 0 
5段目:
1 1 1 0 1 0 0 0 0 
6段目:
1 1 1 1 1 0 0 0 0 
7段目:
0 1 1 1 0 0 0 0 0 
8段目:
0 0 0 1 1 1 0 0 0 
9段目:
0 0 0 0 1 0 0 0 0 
10段目:
0 0 0 0 1 1 0 0 0 
11段目:
0 0 0 0 1 0 0 0 0 
12段目:
0 0 0 0 1 0 0 0 0 
13段目:
0 0 0 0 1 1 0 0 0 
14段目:
0 0 0 0 1 1 0 0 0 
15段目:
0 0 0 1 1 0 0 0 0 

0段目:
1 1 1 1 1 0 0 0 0 
1段目:
1 1 1 1 1 0 0 0 0 
2段目:
1 1 1 0 1 1 0 0 0 
3段目:
1 1 1 0 1 1 0 0 0 
4段目:
1 1 1 0 1 1 0 0 0 
5段目:
1 1 1 0 1 0 0 0 0 
6段目:
1 1 1 1 1 0 0 0 0 
7段目:
0 1 1 1 0 0 0 0 0 
8段目:
0 0 0 1 1 1 0 0 0 
9段目:
0 0 0 0 1 0 0 0 0 
10段目:
0 0 0 0 1 1 0 0 0 
11段目:
0 0 0 0 1 0 0 0 0 
12段目:
0 0 0 0 1 0 0 0 0 
13段目:
0 0 0 0 1 1 0 0 0 
14段目:
0 0 0 0 1 1 0 0 0 
15段目:
0 0 0 1 1 0 0 0 0 
16段目:
0 0 0 0 1 1 0 0 0 

0段目:
1 1 1 1 1 0 0 0 0 
1段目:
1 1 1 1 1 0 0 0 0 
2段目:
1 1 1 0 1 1 0 0 0 
3段目:
1 1 1 0 1 1 0 0 0 
4段目:
1 1 1 0 1 1 0 0 0 
5段目:
1 1 1 0 1 0 0 0 0 
6段目:
1 1 1 1 1 0 0 0 0 
7段目:
0 1 1 1 0 0 0 0 0 
8段目:
0 0 0 1 1 1 0 0 0 
9段目:
0 0 0 0 1 0 0 0 0 
10段目:
0 0 0 0 1 1 0 0 0 
11段目:
0 0 0 0 1 0 0 0 0 
12段目:
0 0 0 0 1 0 0 0 0 
13段目:
0 0 0 0 1 1 0 0 0 
14段目:
0 0 0 0 1 1 0 0 0 
15段目:
0 0 0 1 1 0 0 0 0 
16段目:
0 0 0 0 1 1 0 0 0 
17段目:
0 0 0 1 1 1 0 0 0 

0段目:
1 1 1 1 1 0 0 0 0 
1段目:
1 1 1 1 1 0 0 0 0 
2段目:
1 1 1 0 1 1 0 0 0 
3段目:
1 1 1 0 1 1 0 0 0 
4段目:
1 1 1 0 1 1 0 0 0 
5段目:
1 1 1 0 1 0 0 0 0 
6段目:
1 1 1 1 1 0 0 0 0 
7段目:
0 1 1 1 0 0 0 0 0 
8段目:
0 0 0 1 1 1 0 0 0 
9段目:
0 0 0 0 1 0 0 0 0 
10段目:
0 0 0 0 1 1 0 0 0 
11段目:
0 0 0 0 1 0 0 0 0 
12段目:
0 0 0 0 1 0 0 0 0 
13段目:
0 0 0 0 1 1 0 0 0 
14段目:
0 0 0 0 1 1 0 0 0 
15段目:
0 0 0 1 1 0 0 0 0 
16段目:
0 0 0 0 1 1 0 0 0 
17段目:
0 0 0 1 1 1 0 0 0 
18段目:
0 0 0 1 0 1 0 0 0 

0段目:
1 1 1 1 1 0 0 0 0 
1段目:
1 1 1 1 1 0 0 0 0 
2段目:
1 1 1 0 1 1 0 0 0 
3段目:
1 1 1 0 1 1 0 0 0 
4段目:
1 1 1 0 1 1 0 0 0 
5段目:
1 1 1 0 1 0 0 0 0 
6段目:
1 1 1 1 1 0 0 0 0 
7段目:
0 1 1 1 0 0 0 0 0 
8段目:
0 0 0 1 1 1 0 0 0 
9段目:
0 0 0 0 1 0 0 0 0 
10段目:
0 0 0 0 1 1 0 0 0 
11段目:
0 0 0 0 1 0 0 0 0 
12段目:
0 0 0 0 1 0 0 0 0 
13段目:
0 0 0 0 1 1 0 0 0 
14段目:
0 0 0 0 1 1 0 0 0 
15段目:
0 0 0 1 1 0 0 0 0 
16段目:
0 0 0 0 1 1 0 0 0 
17段目:
0 0 0 1 1 1 0 0 0 
18段目:
0 0 0 1 0 1 0 0 0 
19段目:
0 0 0 1 1 1 0 0 0 

